%YAML:1.0
vocabulary: !!opencv-matrix
   rows: 500
   cols: 32
   dt: u
   data: [ 44, 145, 153, 163, 200, 233, 188, 86, 168, 72, 101, 83, 136,
       173, 123, 132, 181, 63, 174, 24, 148, 142, 73, 221, 67, 137, 61,
       202, 192, 96, 190, 192, 165, 140, 164, 189, 180, 167, 101, 160,
       195, 127, 159, 136, 203, 205, 200, 143, 177, 101, 189, 33, 199,
       99, 189, 157, 202, 193, 173, 197, 165, 165, 173, 96, 40, 167, 165,
       68, 224, 166, 174, 174, 88, 113, 130, 20, 52, 54, 83, 179, 158,
       104, 215, 48, 208, 137, 158, 28, 84, 195, 46, 120, 221, 11, 213,
       139, 178, 149, 57, 200, 91, 158, 192, 109, 216, 165, 95, 39, 103,
       199, 63, 65, 198, 65, 43, 220, 218, 22, 204, 136, 118, 166, 146,
       49, 56, 38, 66, 207, 114, 233, 117, 148, 130, 35, 35, 217, 26,
       161, 119, 186, 152, 16, 133, 154, 186, 162, 207, 225, 61, 75, 113,
       162, 182, 99, 116, 168, 106, 46, 25, 165, 44, 168, 66, 185, 112,
       191, 174, 158, 58, 45, 97, 94, 184, 188, 68, 77, 216, 68, 43, 146,
       56, 159, 53, 190, 153, 76, 180, 166, 91, 28, 121, 176, 124, 27,
       250, 174, 54, 0, 82, 16, 7, 5, 127, 167, 111, 233, 227, 64, 222,
       252, 165, 67, 140, 50, 203, 169, 242, 229, 32, 139, 183, 175, 124,
       67, 118, 136, 169, 85, 173, 56, 140, 117, 108, 211, 91, 70, 180,
       46, 163, 68, 93, 124, 91, 107, 166, 174, 202, 26, 92, 173, 77, 77,
       132, 205, 113, 190, 56, 90, 121, 83, 113, 141, 201, 100, 100, 178,
       134, 52, 59, 87, 178, 135, 116, 140, 32, 98, 179, 170, 155, 191,
       73, 138, 97, 95, 105, 157, 115, 207, 143, 80, 166, 111, 177, 51,
       194, 125, 76, 113, 99, 233, 67, 139, 200, 165, 108, 41, 68, 122,
       211, 112, 79, 109, 93, 77, 74, 148, 214, 219, 130, 215, 98, 213,
       110, 85, 146, 153, 74, 170, 74, 82, 93, 187, 177, 100, 167, 113,
       108, 62, 169, 92, 190, 73, 130, 117, 221, 191, 46, 198, 113, 131,
       109, 166, 80, 195, 188, 190, 211, 220, 181, 192, 162, 122, 78,
       180, 179, 218, 196, 165, 177, 86, 212, 104, 171, 109, 166, 227,
       54, 119, 127, 220, 168, 140, 164, 201, 155, 116, 89, 162, 126,
       104, 153, 92, 141, 51, 185, 159, 41, 181, 114, 102, 158, 165, 176,
       125, 135, 83, 67, 218, 44, 50, 145, 138, 67, 114, 56, 173, 105,
       195, 179, 106, 168, 223, 117, 80, 89, 50, 94, 232, 198, 128, 172,
       227, 91, 52, 165, 58, 196, 200, 138, 166, 23, 203, 106, 131, 63,
       209, 197, 215, 87, 185, 51, 135, 204, 163, 88, 182, 86, 75, 153,
       43, 141, 78, 68, 82, 166, 103, 157, 57, 77, 97, 166, 60, 215, 204,
       31, 139, 198, 43, 175, 126, 155, 220, 113, 176, 217, 164, 106,
       213, 166, 78, 194, 48, 142, 192, 84, 85, 186, 205, 76, 149, 114,
       89, 146, 144, 208, 177, 79, 103, 174, 103, 194, 99, 94, 119, 78,
       186, 57, 46, 87, 109, 83, 177, 153, 132, 186, 58, 123, 98, 138,
       112, 132, 120, 188, 134, 195, 48, 222, 216, 60, 162, 54, 173, 46,
       84, 151, 108, 180, 196, 200, 226, 93, 141, 191, 181, 155, 72, 115,
       218, 161, 202, 185, 215, 179, 54, 88, 131, 209, 219, 92, 67, 93,
       82, 166, 91, 143, 112, 96, 54, 74, 87, 155, 143, 144, 79, 38, 240,
       184, 164, 114, 64, 70, 96, 227, 146, 215, 108, 112, 159, 113, 72,
       149, 142, 59, 199, 207, 128, 156, 119, 164, 231, 28, 104, 218,
       168, 114, 246, 191, 36, 164, 184, 239, 213, 92, 44, 124, 118, 85,
       77, 77, 107, 208, 82, 131, 78, 51, 126, 85, 45, 143, 213, 156, 27,
       190, 179, 135, 99, 171, 52, 202, 154, 150, 81, 186, 233, 112, 62,
       208, 117, 207, 82, 52, 76, 206, 191, 111, 51, 168, 90, 165, 58,
       136, 120, 119, 112, 211, 89, 178, 156, 186, 167, 166, 91, 133, 89,
       53, 208, 207, 198, 175, 180, 170, 59, 113, 114, 191, 220, 37, 143,
       45, 107, 207, 165, 134, 117, 51, 159, 120, 88, 229, 192, 176, 192,
       91, 61, 130, 96, 89, 192, 183, 124, 95, 88, 26, 93, 189, 189, 86,
       142, 72, 82, 46, 103, 151, 123, 220, 193, 165, 171, 189, 225, 194,
       141, 154, 190, 163, 207, 156, 101, 198, 211, 173, 141, 186, 192,
       229, 168, 211, 113, 167, 225, 219, 224, 205, 196, 111, 218, 166,
       144, 50, 51, 87, 194, 81, 147, 197, 63, 187, 92, 121, 113, 158,
       147, 151, 79, 196, 46, 112, 116, 148, 119, 131, 186, 133, 84, 142,
       178, 37, 125, 41, 173, 86, 133, 41, 201, 94, 207, 108, 92, 173,
       82, 85, 89, 189, 143, 36, 123, 172, 70, 183, 43, 124, 159, 69,
       181, 183, 215, 70, 113, 67, 25, 136, 129, 227, 118, 78, 108, 121,
       39, 98, 156, 88, 173, 161, 181, 181, 75, 117, 69, 83, 160, 95, 88,
       228, 136, 146, 27, 227, 204, 110, 128, 103, 190, 142, 67, 214,
       102, 199, 86, 162, 119, 124, 142, 149, 76, 36, 47, 134, 107, 58,
       219, 128, 148, 157, 60, 88, 147, 209, 198, 77, 111, 85, 76, 110,
       128, 111, 152, 26, 178, 209, 109, 227, 181, 190, 163, 84, 90, 118,
       166, 189, 133, 172, 161, 139, 80, 95, 78, 179, 197, 119, 222, 38,
       70, 122, 180, 204, 198, 187, 195, 101, 167, 87, 73, 208, 132, 200,
       161, 90, 111, 107, 160, 150, 64, 148, 80, 98, 71, 37, 76, 193,
       165, 79, 117, 79, 49, 110, 187, 129, 152, 202, 183, 43, 124, 132,
       79, 150, 154, 174, 104, 130, 184, 122, 61, 173, 131, 179, 186,
       136, 45, 83, 48, 109, 127, 121, 215, 23, 110, 61, 108, 190, 89,
       148, 156, 66, 138, 60, 199, 57, 204, 94, 161, 148, 42, 144, 27,
       152, 196, 51, 57, 172, 116, 84, 67, 62, 100, 97, 68, 221, 189, 45,
       62, 83, 32, 62, 155, 126, 160, 77, 211, 114, 120, 143, 168, 96,
       27, 130, 139, 180, 173, 106, 89, 220, 69, 47, 137, 170, 64, 59,
       148, 205, 208, 119, 180, 65, 131, 184, 65, 158, 76, 60, 205, 55,
       143, 86, 81, 100, 45, 197, 64, 45, 113, 48, 100, 218, 169, 175,
       152, 64, 103, 91, 167, 200, 218, 127, 88, 71, 67, 71, 101, 145,
       207, 147, 114, 189, 96, 177, 187, 171, 102, 115, 133, 71, 100,
       217, 140, 176, 110, 225, 46, 191, 80, 228, 186, 87, 166, 129, 234,
       75, 177, 188, 193, 120, 209, 209, 191, 211, 67, 209, 232, 82, 185,
       179, 214, 175, 174, 221, 87, 191, 181, 124, 205, 217, 112, 105,
       220, 202, 132, 202, 210, 175, 217, 212, 137, 51, 171, 99, 235,
       122, 158, 216, 244, 146, 30, 166, 73, 130, 222, 158, 87, 129, 185,
       35, 199, 166, 164, 40, 231, 135, 158, 165, 142, 87, 156, 162, 172,
       84, 41, 108, 49, 117, 79, 121, 94, 105, 181, 172, 172, 69, 188,
       150, 61, 123, 163, 113, 126, 108, 171, 96, 92, 111, 47, 60, 126,
       89, 123, 56, 187, 218, 112, 242, 92, 75, 80, 121, 102, 187, 198,
       230, 170, 104, 215, 231, 254, 182, 253, 229, 192, 9, 87, 178, 235,
       19, 255, 81, 171, 39, 181, 110, 127, 79, 166, 129, 175, 172, 50,
       105, 122, 101, 184, 199, 154, 197, 68, 142, 130, 104, 194, 136,
       89, 221, 190, 180, 53, 224, 234, 89, 150, 91, 213, 152, 77, 202,
       59, 98, 168, 185, 134, 136, 72, 170, 141, 186, 157, 123, 196, 58,
       103, 131, 95, 118, 202, 119, 178, 127, 206, 175, 66, 188, 76, 163,
       145, 201, 185, 168, 188, 150, 169, 163, 199, 80, 193, 166, 100,
       169, 28, 112, 209, 76, 149, 172, 192, 214, 61, 77, 94, 191, 184,
       203, 209, 63, 111, 181, 78, 183, 62, 136, 93, 101, 216, 198, 73,
       166, 125, 66, 118, 192, 194, 84, 51, 167, 144, 139, 158, 110, 205,
       204, 138, 82, 197, 193, 218, 177, 197, 97, 170, 200, 198, 75, 206,
       89, 161, 105, 81, 69, 145, 63, 201, 84, 46, 204, 108, 73, 50, 108,
       114, 70, 99, 92, 99, 209, 35, 205, 169, 40, 94, 126, 107, 88, 126,
       84, 121, 174, 119, 191, 73, 40, 127, 85, 188, 130, 209, 186, 113,
       154, 57, 141, 93, 158, 55, 75, 84, 189, 42, 214, 167, 83, 226,
       172, 198, 106, 96, 92, 172, 100, 178, 152, 140, 111, 125, 139, 75,
       46, 197, 177, 131, 129, 130, 161, 45, 173, 91, 184, 86, 91, 198,
       175, 87, 111, 220, 85, 56, 164, 65, 82, 110, 179, 210, 206, 139,
       145, 181, 73, 112, 117, 27, 93, 105, 65, 154, 177, 206, 65, 107,
       64, 229, 62, 204, 190, 187, 180, 80, 183, 103, 198, 121, 167, 158,
       178, 97, 222, 185, 150, 167, 90, 42, 119, 245, 138, 114, 175, 129,
