%YAML:1.0
img1: !!opencv-matrix
   rows: 1
   cols: 200
   dt: f
   data: [ 0., 2.08768272e-003, 0., 2.08768272e-003, 4.17536544e-003, 0.,
       0., 1.67014617e-002, 2.08768272e-003, 6.26304839e-003,
       2.08768272e-003, 2.08768267e-002, 1.04384134e-002,
       2.08768272e-003, 0., 6.26304839e-003, 4.17536544e-003, 0., 0.,
       2.08768272e-003, 0., 2.08768272e-003, 0., 4.17536544e-003,
       2.08768272e-003, 6.26304839e-003, 2.29645092e-002,
       2.08768272e-003, 0., 4.17536544e-003, 1.46137793e-002, 0.,
       4.17536544e-003, 0., 1.25260968e-002, 0., 0., 0., 2.08768272e-003,
       0., 8.35073087e-003, 3.34029235e-002, 4.17536544e-003, 0., 0., 0.,
       0., 0., 1.67014617e-002, 8.35073087e-003, 0., 4.17536544e-003, 0.,
       0., 4.17536544e-003, 6.26304839e-003, 2.08768272e-003,
       2.08768272e-003, 0., 4.17536544e-003, 4.17536544e-003, 0., 0., 0.,
       0., 0., 0., 2.08768272e-003, 0., 2.08768272e-003, 2.08768272e-003,
       0., 0., 2.08768272e-003, 8.35073087e-003, 0., 1.25260968e-002,
       6.26304839e-003, 1.67014617e-002, 2.08768272e-003,
       1.67014617e-002, 4.17536544e-003, 0., 0., 0., 0., 0.,
       4.17536544e-003, 4.17536544e-003, 2.08768272e-003, 0.,
       8.35073087e-003, 0., 6.26304839e-003, 1.25260968e-002,
       5.84551170e-002, 0., 2.08768272e-003, 4.17536544e-003, 0.,
       2.08768272e-003, 4.17536544e-003, 0., 1.46137793e-002,
       4.17536544e-003, 0., 8.35073087e-003, 2.08768272e-003, 0.,
       2.08768267e-002, 0., 4.17536544e-003, 1.25260968e-002, 0., 0.,
       8.35073087e-003, 2.08768272e-003, 2.08768272e-003, 0., 0.,
       4.17536544e-003, 0., 2.08768272e-003, 0., 2.08768272e-003, 0.,
       5.21920696e-002, 0., 6.26304839e-003, 0., 0., 0., 2.08768272e-003,
       0., 2.08768272e-003, 2.08768272e-003, 0., 0., 2.08768272e-003, 0.,
       1.04384134e-002, 0., 0., 4.17536544e-003, 0., 0., 6.26304839e-003,
       0., 5.63674346e-002, 6.26304839e-003, 2.08768272e-003,
       2.08768272e-003, 6.26304839e-003, 4.17536544e-003,
       4.38413359e-002, 4.17536534e-002, 4.17536544e-003,
       2.08768272e-003, 0., 0., 1.46137793e-002, 0., 8.35073087e-003, 0.,
       2.08768272e-003, 9.18580368e-002, 0., 2.08768272e-003,
       2.08768272e-003, 0., 2.08768272e-003, 6.26304839e-003, 0.,
       8.35073087e-003, 2.08768272e-003, 0., 0., 4.17536544e-003, 0., 0.,
       0., 8.35073087e-003, 2.08768272e-003, 0., 4.17536544e-003, 0., 0.,
       8.35073087e-003, 4.17536544e-003, 2.08768272e-003,
       2.08768272e-003, 0., 4.17536544e-003, 1.67014617e-002, 0., 0.,
       1.67014617e-002, 0., 0., 2.08768272e-003 ]
